<?xml version="1.0"?>
<opencv_storage>
<currentFolderFeatures type_id="opencv-matrix">
  <rows>2</rows>
  <cols>256</cols>
  <dt>f</dt>
  <data>
    -7.13328505e+000 4.19981432e+000 -6.47135639e+000 1.23164105e+000
    -2.60560155e+000 9.42556286e+000 -2.59475756e+000 3.17173123e+000
    -7.63605452e+000 1.98877108e+000 -7.49158025e-001 2.73310065e-001
    -6.97759962e+000 -1.04591751e+001 -1.31585062e+000 -2.50402594e+000
    6.42156601e-002 1.14873588e-001 1.17777224e+001 -2.78594542e+000
    2.39635544e+001 -3.45901704e+000 5.17083931e+000 1.03549182e+000
    1.22701960e+001 -1.08918512e+000 -1.29410553e+001 9.34379578e+000
    1.16799374e+001 -5.29128504e+000 1.60852470e+001 -6.67809057e+000
    -4.56588697e+000 -3.01116872e+000 1.62037182e+000 -8.89698792e+000
    8.25857520e-002 6.81890249e-001 1.20497141e+001 -3.56403708e+000
    -2.96902466e+000 -4.15774250e+000 -1.64853745e+001 -8.59968948e+000
    -5.76197052e+000 5.39663219e+000 -1.81718981e+000 -1.18688369e+000
    1.99821281e+000 -1.07225513e+001 -7.68154097e+000 -7.31658173e+000
    3.86537910e-001 -3.38239670e-001 8.00586033e+000 -8.56311703e+000
    2.82757282e-002 -8.23963046e-001 5.06752253e-001 -1.46251249e+001
    -8.50702953e+000 -5.08876562e+000 -6.28222322e+000 -7.75636864e+000
    1.03635025e+000 -6.70129681e+000 8.39425659e+000 -8.21537876e+000
    1.48008704e+000 1.13203678e+001 -8.42612457e+000 2.08387756e+000
    -7.09136295e+000 -4.15033698e-002 -5.64931631e-002 -1.44277592e+001
    -3.91444373e+000 8.77382755e+000 -1.19367771e+001 8.55276299e+000
    -1.27181530e+001 -6.19358730e+000 -1.32690215e+000 -1.43913288e+001
    5.35444975e-001 -8.97191238e+000 4.64443827e+000 9.54941273e+000
    -7.59803915e+000 1.26276994e+000 -3.14813852e+000 3.24620557e+000
    4.08600283e+000 9.06692696e+000 -2.71214223e+000 7.04400921e+000
    -1.29846888e+001 6.52407742e+000 -6.31267166e+000 7.51799536e+000
    7.36966133e-001 9.91803408e-003 -1.49225807e+000 -1.02240429e+001
    5.00828314e+000 5.72046518e+000 -3.93210244e+000 1.09206200e+001
    -3.31091022e+000 2.22894716e+000 1.07416296e+000 -5.40674782e+000
    -2.25391507e+000 1.92005291e+001 -1.19977129e+000 7.23482323e+000
    -9.64930820e+000 6.63871050e+000 -3.28221178e+000 -1.64420643e+001
    -1.10189104e+001 -5.36844444e+000 1.16740263e+000 8.50916004e+000
    4.84470224e+000 1.88803792e+000 2.22435665e+000 -2.60996461e+000
    -3.00425196e+000 -1.42807207e+001 -6.15210104e+000 -2.90572882e+000
    3.74706364e+000 -4.63058853e+000 4.60127950e-001 -1.12291355e+001
    3.68398166e+000 3.86964560e+000 -2.73051071e+000 -3.97110438e+000
    1.39098778e+001 -7.53976250e+000 -5.76057720e+000 6.18373203e+000
    5.08178425e+000 -4.44383240e+000 -2.64985949e-001 -6.37431860e-001
    -4.23688269e+000 -7.51159763e+000 -5.56572628e+000 4.15708399e+000
    -5.65072250e+000 1.24314213e+001 -5.02484655e+000 6.45986080e+000
    -4.43280840e+000 3.05179048e+000 3.93108058e+000 -1.44025965e+001
    -1.42621222e+001 -1.70371590e+001 9.97548008e+000 7.57929564e+000
    -4.47657299e+000 -3.70105147e-001 9.24463081e+000 1.81949925e+000
    2.65666103e+000 9.93244648e-002 -6.55231476e+000 3.49707985e+000
    1.53938923e+001 6.41503477e+000 7.22586823e+000 2.62705898e+000
    -3.37564349e-001 -8.11595321e-002 -8.01426792e+000 -1.90017915e+000
    -4.97242641e+000 3.72182345e+000 -1.03489389e+001 -5.79806805e+000
    4.28557587e+000 3.61017895e+000 4.43560982e+000 1.73684654e+001
    8.61565971e+000 -1.58758104e-001 -1.40694704e+001 6.46332884e+000
    3.79039621e+000 -7.87797499e+000 -4.87257385e+000 6.18927670e+000
    -5.93029201e-001 7.78195524e+000 -6.38784504e+000 8.45114326e+000
    -1.68563020e+000 8.67817402e+000 2.44642591e+000 -1.00527744e+001
    -1.59886761e+001 1.37286091e+001 -9.09553719e+000 -1.48078308e+001
    -9.16101265e+000 -9.61472225e+000 -2.11103773e+000 1.47614374e+001
    -8.14163971e+000 -1.19714270e+001 -9.30636978e+000 -1.15077133e+001
    -1.10195255e+001 7.40812016e+000 -5.82614994e+000 -1.69081516e+001
    -2.02780098e-001 -7.88649917e-001 -5.45700979e+000 7.40424347e+000
    7.44655800e+000 -4.36234283e+000 -6.94615483e-001 1.06880188e+000
    -1.37365303e+001 4.96037626e+000 -3.05345988e+000 1.55664372e+000
    -4.64915800e+000 2.07404280e+000 -4.64454317e+000 3.33426595e+000
    -2.78252935e+000 1.94088101e+000 -3.10589290e+000 -9.00032616e+000
    -1.07178621e+001 -2.75645399e+000 -1.00982094e+000 -1.57158756e+001
    -1.14790573e+001 4.81188655e-001 -7.06505775e+000 5.06834078e+000
    -8.67225266e+000 -1.50738215e+000 7.77133608e+000 -8.28595734e+000
    1.40928817e+000 -4.92819691e+000 9.92231369e+000 1.13344528e-001
    1.98638260e+000 9.89214516e+000 -1.41112733e+000 -1.07550459e+001
    -5.25296259e+000 8.12499237e+000 -3.11440039e+000 2.70633769e+000
    -3.16218996e+000 3.84943581e+000 -5.39088964e+000 -6.29560709e-001
    1.52832353e+000 9.19928360e+000 -5.37263775e+000 6.12432808e-002
    -9.91692352e+000 1.32180643e+000 2.11776333e+001 -7.46298504e+000
    -5.41711330e+000 -8.55846214e+000 7.91381717e-001 1.57917976e+001
    -7.35687792e-001 1.48789465e+000 -6.48393917e+000 7.11146891e-001
    2.66160345e+000 3.07071447e-001 3.09762406e+000 8.11503315e+000
    2.28473854e+000 -1.06738892e+001 1.95396972e+000 -1.03906670e+001
    8.30263901e+000 7.33955669e+000 1.94223480e+001 -1.22873092e+000
    -7.08342171e+000 -5.84970856e+000 -2.07371593e-001 -5.15254688e+000
    2.56975651e+000 -7.45493317e+000 -1.10022545e-001 -1.82540190e+000
    -1.31651640e+000 -1.14679089e+001 -2.89543176e+000 -8.72332668e+000
    1.16949892e+000 -1.77715683e+000 9.58627796e+000 -5.15529633e+000
    -4.85941887e+000 -3.05074006e-001 -1.23393612e+001 -1.54981651e+001
    -6.62375402e+000 -8.40516663e+000 7.70292234e+000 -2.66122770e+000
    -2.96966791e+000 -1.73818576e+000 1.07336082e+001 -3.37385440e+000
    2.31379890e+000 5.71792507e+000 -1.07076645e-001 -8.45693970e+000
    7.41051912e-001 1.40351748e+000 -6.46912575e+000 5.83693206e-001
    -5.31204987e+000 -4.46550131e+000 3.56599379e+000 -2.40220261e+000
    -1.09475803e+001 -4.87408352e+000 -8.20804882e+000 -5.77237010e-002
    -1.40706134e+000 3.10905409e+000 6.75133801e+000 -2.38515139e+000
    -7.89510870e+000 -4.87085056e+000 -6.80743217e+000 -8.59336472e+000
    3.31557751e+000 1.75164342e+000 2.42398238e+000 -8.32990360e+000
    -8.51335526e+000 6.32029057e-001 -1.03097897e+001 -1.78413069e+000
    4.96006012e-002 3.46993828e+000 -5.00519753e+000 -2.16493034e+000
    -7.08320522e+000 -3.78327417e+000 5.73569489e+000 -3.64110351e-001
    -8.89816761e+000 -2.09460139e+000 -1.84697461e+000 1.41299272e+000
    -2.68633604e+000 -7.51807690e-001 -2.93793201e-001 -4.52465296e-001
    -6.72237539e+000 1.61267245e+000 -1.26458874e+001 1.94982004e+000
    -1.22386112e+001 -1.08769369e+001 -4.46033192e+000 1.61494904e+001
    1.35901823e+001 -8.66597891e-001 -4.86790371e+000 1.94356847e+000
    -2.20357966e+000 7.64091921e+000 -5.73870039e+000 -1.63821793e+000
    -5.28428555e+000 -1.08916855e+001 -1.21083517e+001 -4.22733116e+000
    6.13454914e+000 2.25525188e+000 -8.21982288e+000 -9.81993556e-001
    5.75350857e+000 -4.47077370e+000 -8.25472355e+000 2.90635884e-001
    2.60742092e+000 -4.44196367e+000 -5.48887396e+000 5.40928841e-002
    9.67383385e-001 -7.43731308e+000 -2.29324293e+000 1.23766053e+000
    7.44481325e-001 -6.32507086e-001 3.87790918e-001 1.17627144e+001
    6.76581860e-001 1.03447456e+001 -2.20093942e+000 -7.60680389e+000
    1.27647657e+001 -8.25671577e+000 3.87515092e+000 4.86428642e+000
    -5.08023024e+000 -1.00520945e+001 -1.13656425e+000 -1.86379230e+000
    9.33674932e-001 1.57099915e+000 -1.01975813e+001 8.42224419e-001
    4.61798668e+000 -1.84750485e+000 -3.60513151e-001 -7.29625106e-001
    1.06071653e+001 -3.55480742e+000 -8.54246140e+000 8.41519260e+000
    -9.34255028e+000 -4.87286568e+000 -8.35597420e+000 -9.98388100e+000
