<?xml version="1.0"?>
<opencv_storage>
<currentFolderFeatures type_id="opencv-matrix">
  <rows>50</rows>
  <cols>3</cols>
  <dt>"2f"</dt>
  <data>
    5.30282795e-01 1.99259192e-01 4.01059449e-01 8.14385056e-01
    4.37132984e-01 2.48789698e-01 7.73105025e-01 7.62093723e-01
    3.07794482e-01 7.02431679e-01 4.78447199e-01 7.92190015e-01
    8.58431160e-02 7.50602484e-02 1.63423389e-01 2.99779236e-01
    9.05653954e-01 7.09685802e-01 1.49712503e-01 7.65439928e-01
    1.24281406e-01 3.72859836e-03 5.51513612e-01 9.98199344e-01
    1.58992141e-01 1.61178052e-01 3.81893218e-02 4.25861329e-01
    8.46127629e-01 8.87604475e-01 2.64712393e-01 2.70783067e-01
    9.52666402e-01 6.75131321e-01 8.10216367e-01 1.83960199e-01
    9.44561958e-02 8.15903306e-01 5.24517655e-01 3.80838841e-01
    4.11994755e-01 2.55535334e-01 9.44895864e-01 9.00123477e-01
    4.57891554e-01 8.41306925e-01 2.80300140e-01 3.85435700e-01
    4.51901466e-01 8.75433564e-01 1.59415066e-01 6.49286628e-01
    4.25456882e-01 6.79950416e-01 3.49529445e-01 6.00716710e-01
    2.77864695e-01 6.49820209e-01 4.35758650e-01 7.87622690e-01
    3.03897589e-01 7.75800645e-02 6.35895967e-01 6.67349339e-01
    7.47753501e-01 3.26118827e-01 3.74476403e-01 5.40649414e-01
    3.51401865e-02 3.13524365e-01 8.15993905e-01 6.69869959e-01
    6.46549344e-01 9.30201113e-02 8.06879044e-01 8.18402529e-01
    8.70309830e-01 1.58438087e-02 8.21762562e-01 2.73414314e-01
    7.42869377e-01 8.78336906e-01 2.53197670e-01 2.10547477e-01
    4.70446199e-01 1.85035259e-01 6.01766884e-01 5.50455213e-01
    5.23632467e-01 2.11950600e-01 7.78889716e-01 1.65158510e-03
    4.14189219e-01 7.78173447e-01 3.33207697e-01 7.98737526e-01
    8.94289553e-01 8.48279595e-01 9.35450494e-01 4.66717362e-01
    8.44437659e-01 3.78595293e-02 7.24755168e-01 5.58155298e-01
    8.59186292e-01 1.38633788e-01 5.45069456e-01 8.32909882e-01
    1.73552483e-01 1.03459895e-01 2.67848879e-01 1.27656668e-01
    2.24333674e-01 5.27021587e-01 6.26571774e-01 3.60087752e-01
    4.69014853e-01 6.17602527e-01 9.89088356e-01 1.03720963e-01
    6.91574514e-01 5.62358022e-01 6.36207044e-01 5.40514886e-01
    7.47364163e-01 5.15043378e-01 3.94086242e-02 2.01493233e-01
    7.23406971e-02 4.44393605e-01 7.30131865e-01 5.91659844e-01
    3.21941316e-01 5.77444196e-01 5.99262893e-01 1.38536364e-01
    5.82700074e-01 2.25324780e-01 9.02735710e-01 4.48107779e-01
    6.98389888e-01 5.18416762e-01 6.22275651e-01 6.70035183e-01
    1.80385858e-01 7.67609417e-01 4.80919987e-01 1.47769868e-01
    8.77370536e-02 7.95126855e-01 7.60090947e-01 8.90463352e-01
    7.91738629e-01 2.80121654e-01 6.76405430e-03 4.47792262e-01
    2.53793508e-01 9.76752996e-01 6.13940716e-01 4.43724096e-01
    6.07921362e-01 3.41604143e-01 8.00447643e-01 2.96570301e-01
    6.47456348e-02 3.86268854e-01 9.30645227e-01 6.25807703e-01
    5.53348958e-01 1.86668962e-01 7.33614564e-02 9.16942358e-02
    8.54617476e-01 6.08885407e-01 8.10279965e-01 8.33033800e-01
    4.43050921e-01 8.24801564e-01 5.26059806e-01 4.89724785e-01
    7.26796031e-01 3.90065014e-01 3.16287518e-01 2.38183498e-01
    9.05063987e-01 4.03683782e-02 3.33171338e-01 3.77356678e-01
    9.26997483e-01 6.54156387e-01 5.95060468e-01 3.09310853e-01
    9.45242286e-01 2.69912183e-02 7.46292055e-01 6.15750253e-01
    7.83809721e-02 9.75284576e-01 6.88152611e-01 9.83129501e-01
    8.12422872e-01 6.34110630e-01 3.56919229e-01 5.01510203e-01
    2.59387076e-01 1.79776102e-01 5.52957654e-01 5.30369520e-01
    6.36970043e-01 4.67399627e-01 5.53929508e-01 7.08099663e-01
    6.69082224e-01 3.74382913e-01 2.32960224e-01 1.14882529e-01
    4.34025019e-01 6.45489454e-01 2.88590938e-01 4.83219832e-01
    4.91261840e-01 7.01956749e-02 8.27684402e-01 3.98323059e-01
    9.14740801e-01 4.06337559e-01 4.54782069e-01 7.25883782e-01
    9.39195275e-01 6.24569297e-01 7.71098018e-01 1.29456073e-01
    6.29719377e-01 2.84967393e-01 5.17059207e-01 7.41716266e-01
    3.45275789e-01 6.39704585e-01 2.09373146e-01 7.75135398e-01
    8.35274637e-01 8.67229104e-02 3.75135720e-01 8.27442765e-01
    9.71407533e-01 2.49663264e-01 7.34006822e-01 5.08511662e-01
    5.76695561e-01 1.64636314e-01 1.50937408e-01 8.86351168e-01
    5.65012336e-01 3.49799633e-01 6.56032562e-02 1.24291480e-02
    7.60927260e-01 8.48782122e-01 8.44782054e-01 8.88152003e-01
    7.34347463e-01 4.60588515e-01 2.45487511e-01 7.76989162e-02
    8.19032550e-01 2.21229851e-01 3.88841182e-01 9.07346308e-01
    5.61333835e-01 7.63450742e-01 1.71283454e-01 9.67989862e-01
    7.09030390e-01 8.63682926e-02 7.02341378e-01 5.32539845e-01
    3.01980674e-01 7.60990381e-01 4.91967022e-01 5.74049354e-02
    6.58998907e-01 1.98619783e-01 4.33115870e-01 7.34261215e-01
    6.15818381e-01 3.82686555e-01 2.81425357e-01 3.50389481e-01
    4.83693421e-01 8.96447599e-01 2.99233675e-01 9.26166952e-01
    4.82419103e-01 5.41484654e-01 3.13397467e-01 6.39888704e-01
    9.41355765e-01 5.40288210e-01 6.71394765e-02 3.57216448e-01</data></currentFolderFeatures>
</opencv_storage>
